[6.438578438109784, 6.440764161780801, 52.25784813405585, 180.8800891426539, 239.30084319060063, 108.79325500029688, 57.79293699773009, 5.9234718156118005]
[6.4338617408283705, 6.436982954548262, 52.27362994467545, 118.67764923502992, 148.86462095107834, 60.98286820660702, 57.76287753404213, 5.925454868781948]
[6.4399491016856985, 6.44191094291918, 52.2495944335091, 91.51311994913345, 101.7068353837947, 33.69816712926144, 57.80132767965322, 5.922397877586411]
[6.434014807811359, 6.436441739029659, 52.2744649037072, 77.07467012678057, 74.42914463217315, 16.900339377107144, 57.761363111305, 5.925822247933534]
[6.432447007855442, 6.435775416166315, 52.280965799988024, 70.0065730916871, 57.20116617929281, 14.24887154216953, 57.75415505824945, 5.9263766723912905]
[6.431534330412722, 6.430938316371782, 52.31419110878883, 65.224440736658, 45.39726278860968, 5.894156463431112, 57.73549923222635, 5.932312128384933]
[6.433817571683898, 6.4363132612974985, 52.275052838702884, 59.79656985189517, 36.93486574823931, 5.891592554414776, 57.76017075893663, 5.925874218254681]
[6.434631173329049, 6.436986370089946, 52.27227424794945, 57.822817832337144, 24.810807540868034, 5.8910446972709085, 57.76529311101881, 5.9255134443823865]
[6.434272723107862, 6.43677647919884, 52.27331171283452, 56.694898323232955, 21.221279600794272, 5.891335073920555, 57.763328458697444, 5.925609326340675]
[6.434906452439676, 6.437031415207102, 52.27386569805511, 54.90483376082898, 18.64465940759034, 5.891018414482012, 57.766722618375795, 5.925785624609216]
[6.436389292762484, 6.439640315807324, 52.26253076759288, 54.555811673830746, 16.94795521209294, 5.890380443679057, 57.78125635415147, 5.923749576729372]
[6.434369479496294, 6.437072133872344, 52.27248384005928, 54.288098968669246, 15.584897141490554, 5.8913812535496985, 57.7648333316368, 5.925409989201968]
[6.433818282020804, 6.436279955921305, 52.27551239510402, 54.063762971992574, 14.475585343616386, 5.891615046207929, 57.760015155092326, 5.925941967793783]
[6.436023210349376, 6.4381365332254346, 52.267018145576436, 53.08616403349241, 13.5477586993905, 5.890019391132814, 57.774266560478324, 5.924834391910893]
[6.433971168631784, 6.436259562123891, 52.2744744960338, 53.012887739275, 12.776539436651511, 5.8913177189027985, 57.76030180311533, 5.925874223098502]
[6.434791678450057, 6.436990428091851, 52.27224050675513, 52.939581091233954, 12.106307040357812, 5.890874603790881, 57.765936308837595, 5.925571375612863]
[6.433828524196864, 6.4364890804599355, 52.27417359860805, 52.27479642037906, 5.846540590990823, 5.8916068998093865, 57.76076649228004, 5.925699498817283]
[6.435472224749754, 6.438265664616997, 52.26778492434777, 52.26888261014598, 5.845213558014167, 5.890743095373634, 57.77307386139278, 5.924697553924099]
[6.433460806258369, 6.436033977948003, 52.27653066135524, 52.276818320675, 5.8469627247161196, 5.891870002485962, 57.75792288794523, 5.92606502645616]
[6.436857108647535, 6.439855708793353, 52.260932986651966, 52.262817300085075, 5.84389811549636, 5.889909560442885, 57.78359221227878, 5.923629445963386]
[6.435986167824025, 6.438396550597473, 52.266081998049906, 52.26558318318351, 5.84477297581653, 5.890155425846007, 57.77511879437807, 5.924604546978953]
[6.434201221485344, 6.4367736990364035, 52.27285281976273, 52.273124120286596, 5.846240680833138, 5.891333948876146, 57.76303496491193, 5.925539364602588]
[6.433434391932902, 6.436219380441397, 52.27543311064552, 52.27663692357751, 5.8468477160769865, 5.891921466450393, 57.75839469030769, 5.925837740158284]
[6.43926787720823, 6.441800421391597, 52.250406474537556, 52.25029559396222, 5.841681513937551, 5.887951533544793, 57.798524346815654, 5.922297564547406]
[6.4373716364321485, 6.43971862508694, 52.2596778281931, 52.259017220065694, 5.843501238926053, 5.889185721830091, 57.78451964860759, 5.923713967835459]
[6.435928343560156, 6.43812826969494, 52.26730782971155, 52.26608538368324, 5.844964352260661, 5.890184890441867, 57.77384828852375, 5.924865124596801]
[6.436933615704657, 6.438962143289555, 52.263218191629676, 52.261297309329365, 5.844098581978681, 5.889437462388441, 57.78015916593552, 5.924347990421836]
[6.433619775392568, 6.435959328493324, 52.276631991241636, 52.2760775966188, 5.846943344498914, 5.89171997058119, 57.75786630455441, 5.926189655306922]
[6.433780406252826, 6.436494430365954, 52.27418608409628, 52.27516857496955, 5.8466081724515115, 5.891704287434743, 57.76042086284202, 5.925700203645203]
[6.435633696749131, 6.438344388429518, 52.266841700819434, 52.2677346972647, 5.845068411638468, 5.890578919579498, 57.773591700458475, 5.92461270552526]
[6.435064369679717, 6.437483576211698, 52.26965527890728, 52.26936083659077, 5.845575651504457, 5.890741699677222, 57.76858115288263, 5.925140626042085]
[6.43299152812748, 6.436134220360136, 52.27581749813489, 52.2786003659132, 5.847119562528159, 5.892341536770606, 57.75661052528804, 5.925783409451595]
[6.433729885052992, 6.436403938291616, 52.27458519398682, 52.27538931744932, 5.846649202222183, 5.891712037739986, 57.76014286511327, 5.925766624602992]
[6.427348747988008, 6.43728076367023, 52.28674983125448, 52.31792298082384, 5.851236402808604, 5.900025173058624, 57.743846516639756, 5.9247249573685306]
[6.434161142326612, 6.436821844426149, 52.272193798290296, 52.27291888968346, 5.84619144211645, 5.891350225487668, 57.763079441208355, 5.925437648302328]
[6.56085024494776, 6.564979046723664, 51.801878739472826, 51.80272288877222, 5.746268547596429, 5.820299774029241, 58.675876908161555, 5.854914220323956]
[6.434035554613878, 6.436741883643514, 52.27322551365053, 52.27414814237295, 5.846383857352953, 5.89152880365882, 57.762501331029156, 5.925562832747242]
[6.434092220000859, 6.436943263843956, 52.272536973072405, 52.27405384386523, 5.846294627107286, 5.891557089145432, 57.76347577291874, 5.925411296910001]
[6.433829831865495, 6.436383048817368, 52.275171496395004, 52.27547225510549, 5.846697380477324, 5.891671579270092, 59.77281551774337, 5.925885192650282]
[6.433963645095757, 6.436249502625738, 52.277689107245145, 52.276885132938546, 5.846986364400908, 5.891750622459246, 60.00191836814285, 5.926306368914745]
[6.434095771720537, 6.436884992110268, 52.27293561782155, 52.27419339000405, 5.846346918046767, 5.891560639498051, 60.28155500893992, 5.9254849114008215]
[6.433825682709619, 6.436530338561829, 52.27370137246427, 52.274615363489104, 5.846514795132774, 5.89161327005342, 60.609826447721545, 5.925644017178496]
[9.241848493868769, 6.4365742768057554, 52.2733253026784, 52.274093743658014, 5.846436015073719, 5.891530045801113, 61.01373993096459, 5.925606887096073]
[9.653715873767958, 6.4364163674232415, 52.27407238677494, 52.273784860620744, 5.84647827073971, 5.891401502829505, 61.513881744069664, 5.925803274310558]
[10.174499464554941, 6.439902800789193, 52.25881543251372, 52.26008078557853, 5.843543436575058, 5.889508553462753, 62.16810829054411, 5.923443653789053]
[10.834186571556002, 6.4388162389698875, 52.26326118844182, 52.263026578733815, 5.844308068227324, 5.889838185794673, 64.63231220470426, 5.924213361802267]
[16.706734852881844, 6.436571194511239, 52.27375200854265, 52.275184125544904, 5.846538348526672, 5.891726848949587, 67.01730218147667, 5.925580493819686]
[19.636711795519147, 6.434063879165147, 52.30121376313794, 52.29730699212789, 5.850604246869114, 5.894207019037922, 70.8645041789425, 5.929691569767306]
[30.91096237142997, 6.436419553755646, 52.27583457079265, 52.27559232883523, 5.846690888053478, 5.891613694536158, 76.39118168204274, 5.925989098978204]
[39.50567187320299, 6.436530054573783, 52.27443006671921, 52.27509061771899, 5.846546787254988, 5.891625938077998, 84.56130302658647, 5.925733359258648]
[64.1609207937366, 6.43667576208786, 52.27372551986648, 52.274658503447725, 5.846431567043194, 5.891589145717082, 102.30326488967026, 5.9256125025544195]
[91.54544224381453, 6.437177771131349, 52.271888440735644, 52.27423510413056, 5.846175833084087, 5.891631777028854, 136.26344366199123, 5.925214815300212]
[143.70938284219997, 6.436833273177685, 52.27279978065141, 52.272229343070805, 5.846097213624112, 5.891121831099089, 227.65432881331057, 5.925596837949867]
